centroid = [0.12,0.1,0.08,0.06];
Weights = [3.5,2.7,2,1.2];
F_Grasp_1 = [3.66985, 2.83103, 2.09706, 1.25823];
F_Grasp_2 = [1.83495, 1.4155, 1.04854, 0.629126];